[stan]
MAPA
20
20
SEED
423410031608
TURA
15
[org]
O
0
1
15
W
0
0
15
Z
2
4
15
#
6
6
15
Ó
0
2
15
*
9
6
15
@
10
8
15
%
4
8
15
*
8
6
13
*
8
6
13
*
8
6
13
*
8
5
12
*
8
5
12
*
8
5
12
*
7
5
11
*
7
5
11
*
7
5
11
%
3
7
10
*
7
5
10
*
7
5
10
*
7
5
10
%
3
7
9
*
6
4
9
*
6
4
9
*
6
4
9
*
7
5
8
*
7
5
8
*
7
5
8
#
5
5
7
*
7
4
7
*
7
4
7
*
7
4
7
*
5
4
7
*
5
4
7
*
5
4
7
*
7
6
6
*
7
6
6
*
7
6
6
*
7
6
6
*
7
6
6
*
7
6
6
*
6
4
6
*
6
4
6
*
6
4
6
#
5
6
5
*
5
3
5
*
5
3
5
*
5
3
5
*
6
4
5
*
6
4
5
*
6
4
5
*
7
4
4
*
7
4
4
*
7
4
4
*
6
4
4
*
6
4
4
*
6
4
4
*
6
3
4
*
6
3
4
*
6
3
4
*
4
3
4
*
4
3
4
*
4
3
4
*
6
4
3
*
6
4
3
*
6
4
3
%
2
7
3
*
6
4
3
*
6
4
3
*
6
4
3
#
4
4
3
*
6
7
3
*
6
7
3
*
6
7
3
*
5
3
3
*
5
3
3
*
5
3
3
%
2
8
2
%
2
8
2
*
6
5
2
*
6
5
2
*
6
5
2
*
6
3
2
*
6
3
2
*
6
3
2
*
3
2
2
*
3
2
2
*
3
2
2
*
6
5
1
*
6
5
1
*
6
5
1
*
5
3
1
*
5
3
1
*
5
3
1
*
6
3
1
*
6
3
1
*
6
3
1
*
6
7
1
*
6
7
1
*
6
7
1
*
5
3
1
*
5
3
1
*
5
3
1
#
3
3
1
*
4
2
1
*
4
2
1
*
4
2
1
[org]
[stan]
